Running With 200 Bodies for 10000 timeSteps. Initial state:
Body   			:		x		y			z		|		vx			vy			vz		
Body191 0.400000	: 1.720000	0.120000	-1.060000	|	0.072000	-0.120000	0.396000
Body192 0.400000	: 0.420000	-1.000000	-0.180000	|	0.380000	0.112000	0.316000
Body193 0.400000	: 0.780000	-1.960000	0.280000	|	-0.224000	-0.188000	-0.104000
Body194 0.400000	: 0.920000	0.480000	-1.560000	|	-0.160000	0.348000	0.288000
Body195 0.400000	: -0.380000	1.320000	0.720000	|	-0.104000	-0.176000	0.144000
Body196 0.400000	: -1.580000	-1.160000	-0.200000	|	-0.128000	-0.368000	-0.368000
Body197 0.400000	: 0.280000	1.540000	-0.860000	|	-0.380000	-0.324000	-0.268000
Body198 0.400000	: 1.660000	1.160000	-0.340000	|	0.180000	-0.200000	0.140000
Body199 0.400000	: -0.660000	1.900000	-0.820000	|	-0.044000	0.012000	-0.028000
Body200 0.400000	: 0.180000	-1.360000	-0.820000	|	-0.032000	0.024000	0.252000
-------------------------------------------------------------------------------------------

Last Step = 10000
Body191 0.400000	: -218.516219	4632.360297	-1645.010679	|	-0.029964	0.471130	-0.164219
Body192 0.400000	: -272.092251	-15.041354	41.643101	|	-0.039269	-0.007766	0.010537
Body193 0.400000	: -19299.214113	108559.549866	-94624.494359	|	-1.931039	10.862061	-9.467649
Body194 0.400000	: -232.909920	429.514414	322.647131	|	-0.023742	0.032598	0.030916
Body195 0.400000	: -3196.731791	702.083518	136.516570	|	-0.321344	0.071098	0.014500
Body196 0.400000	: -2518.385370	2661.346270	3380.490303	|	-0.255063	0.269694	0.343789
Body197 0.400000	: 198.261870	6326.091682	-655.269283	|	0.020335	0.638445	-0.065779
Body198 0.400000	: -337.069372	-39.522238	139.650299	|	-0.052441	0.016865	0.026563
Body199 0.400000	: -367.955400	-29.448282	144.348674	|	-0.008161	-0.014836	0.058718
Body200 0.400000	: 1010.140992	2507.026556	6143.939471	|	0.102851	0.251309	0.621114
-------------------------------------------------------------------------------------------
